4890
1706
7277
3790
1820
2562
6501
2559
4208
5095
6361
1582
2547
319
4321
5138
5288
6884
3364
5545
6541
1763
5762
6684
6472
2843
4944
4717
6995
2141
213
4866
4433
3497
803
6356
6762
5278
5264
4132
105
4458
4946
5836
6900
3805
2806
6509
4952
1465
6825
2953
565
7376
4345
2524
1474
3236
2829
2502
317
1200
5203
2278
652
70
5763
2658
1174
1088
7347
410
4064
7251
2386
5121
2091
4635
601
5428
3013
4792
5530
2219
2465
5858
837
3325
624
1627
806
4978
5580
3115
637
423
4823
1996
4472
4620
2486
6619
150
3109
1580
6045
5870
626
3002
4601
3796
5941
3481
143
4813
2574
6727
4662
4014
1880
6584
5251
3452
6318
3605
3342
5527
7099
2171
6282
4975
5171
2780
4720
7318
2832
7369
5462
2230
617
1324
6078
690
7160
2288
3302
5785
1350
5837
6602
2729
5926
5782
5788
4561
1187
1191
145
6350
3572
6976
4420
6801
3742
1762
3800
4802
4810
1834
7253
1111
2127
4997
4783
6310
5726
2277
3795
6936
2499
6035
1824
2788
4196
4386
3827
2492
878
1455
6883
391
4182
2283
2714
5371
5619
2958
475
1694
1295
2092
6932
3050
1137
2072
5331
832
591
4658
7117
5716
3592
5731
109
5256
4318
1052
1311
6866
6199
668
253
5168
5715
5588
2690
4641
6621
5045
5667
843
4159
4509
6528
3374
7118
3394
884
4547
5354
3996
4752
1879
5677
5582
1485
5423
2417
2737
2267
4173
3368
6165
2808
869
2468
3893
6343
450
5115
5656
7055
1979
696
1741
3718
811
3284
2189
5006
5617
5145
505
3303
405
3640
6461
183
7260
1876
5813
609
2674
2033
3981
6629
6422
1968
6774
20
2218
5521
7045
7183
5686
2224
327
6850
3270
2518
1874
6633
5984
4362
5986
6759
1756
2178
4961
7331
3410
7302
489
606
3212
2464
1738
152
889
7322
6993
6423
3082
269
96
6354
3824
6713
5060
3885
1799
4967
1572
4628
1067
5195
2760
6221
6407
715
6293
4059
5708
5634
7344
4565
4660
1798
461
5373
2944
1795
1869
5489
1345
4791
5271
5848
5024
1214
6730
1372
243
4039
7255
2799
1679
3850
1312
648
3238
2643
4409
7077
155
3428
3453
1303
1150
3047
5897
1046
1640
1306
1927
5591
3439
4121
2244
3136
15
3538
5417
4979
2669
1360
1844
3098
1612
7211
497
2840
7108
4611
7359
3633
1478
5507
1095
542
6600
4729
4074
431
6771
728
5384
6353
4412
6016
2561
1337
3606
2877
4415
1031
6121
6285
1110
1888
3550
1527
753
3049
2628
562
6542
4764
3562
252
7051
2516
2962
4453
5374
5396
1202
3462
6652
2797
4225
144
5056
2895
2763
905
5192
3980
235
5157