4876
5536
7266
1608
574
5832
3811
5787
5855
1179
5075
5898
5818
5236
4804
1974
6659
52
3910
4178
1940
2035
6863
2800
7250
722
4260
2172
272
5784
3682
780
2992
1836
514
4403
5322
3287
6665
5210
5590
5302
4063
4730
6697
2920
449
361
5829
6013
6276
4639
6906
2062
5955
794
3399
830
189
2368
4068
2421
1442
6818
2160
4699
3090
6823
6262
6159
2088
4921
2592
4081
646
3414
6626
6852
2216
2472
6753
2306
7375
7265
6462
2638
6732
3373
5329
6504
3676
2644
3102
839
2935
5028
6701
4093
570
1673
142
3030
1783
2343
5175
3529
4793
4285
3998
4538
6731
6459
3740
4360
6072
463
4705
6064
341
2851
5607
6830
7111
6374
2798
7263
7371
6571
3826
3524
1313
5073
2449
1859
3214
158
2640
1567
1716
613
2507
4656
5738
6641
4342
7313
2153
2238
4508
1419
4667
5516
5689
5217
4001
3659
5246
5161
5325
1159
2195
3836
6702
6401
799
7268
2041
770
3424
2082
2913
2254
6524
6249
7274
4042
3990
2846
5407
81
709
5879
7298
4675
2587
3248
5156
6868
4127
1076
4721
1437
3577
4494
4243
639
4525
207
6853
4234
3643
1288
4983
2702
154
1833
4329
400
4263
3941
1669
2407
5904
3032
6583
4580
1941
4048
1253
3551
5896
6687
7031
4176
5880
5922
1082
3223
2636
723
7059
6790
2260
1866
5385
4167
896
5835
1965
805
3296
3783
3213
1948
4477
5905
5988
3889
2149
2682
2731
5198
3054
2602
210
7395
7151
3881
4226
5828
3720
6532
6158
6096
5233
6139
3333
2459
5038
451
5850
6153
6693
3772
555
7157
246
1659
1212
6409
1837
1542
4369
2135
2137
2364
6661
5285
1557
7373
3690
2624
4991
5076
5575
5212
6538
3909
3928
2231
4568
2989
1499
7149
7397
6507
4212
4969
3620
5466
3995
492
2764
1083
4618
3331
873
5003
5921
6791
3469
686
5013
2820
373
2783
7155
169
3675
3367
1218
4891
1353
1770
5421
737
957
6079
1592
7103
6768
3898
3487
5934
5639
3982
2455
2709
6312
6291
3978
3705
7309
6648
4504
4067
6136
3915
4252
6634
375
6164
5583
2341
2269
6721
4560
1978
6246
2821
963
6231
1945
5048
3402
4385
5736
4078
290
3698
7299
6138
1318
4140
6901
2639
2349
3537
7396
5131
616
4805
2597
4827
6689
992
7179
5658
4109
1301
1909
5232
659
5141
3449
2437
1750
6954
5831
5227
2094
1860
6682
413
63
4317
4303
5561
7240
3566
4762
5559
1682
1680
6766
5819
3750
3932
1758
501
5915
3798
1160
6196
6220
2645
3175
160
632
4607
1352
6070
5793
1994
4139
1892
3555
162
1552
1782
5573
1588
7113
3835
2495
3608
251
5661
2716